$coord
         -4.116160876780         -0.595368103955          0.735328153256     c 
         -1.794616276924          1.029218873858          0.130958003494     c 
          0.223966753525          0.593727780826          1.623187179001     n 
          2.666523506808          1.680745271813          1.114433078254     c 
          4.508684976179         -0.177693315929         -0.067869444058     c 
          6.611216562234          0.387397333045         -0.752633566802     o 
         -6.448761829431          0.499273241381         -0.211127220061     n 
         -1.795802331052          2.606087514842         -1.560517665592     o 
          3.573141304175         -2.487970102464         -0.237821394182     o 
         -6.744990280424          2.209461357110          0.603181201921     h 
         -6.266974460326          0.810456988491         -2.097025686387     h 
         -3.720041963562         -3.204554256523         -0.457547848111     c 
         -4.300566880312         -0.787512542466          2.788290929743     h 
          0.156572758475         -0.844749327051          2.872318963351     h 
          3.518695388136          2.428788968072          2.843575760336     h 
          2.400346684943          3.248949070643         -0.208833284399     h 
          4.756619838303         -3.676758605110         -0.999987243657     h 
         -5.375150969290         -4.364205498676         -0.103857641055     h 
         -3.477778051476         -3.008800873909         -2.489803386588     h 
         -2.058023197403         -4.123098435879          0.320613605694     h 
$end
