           2           1  0.94969409825242979     
           3           1   1.0874586460251160E-002
           3           2   1.2632963774967367     
           4           1   1.5231854005524612E-002
           4           2   7.4793709172253330E-003
           4           3  0.96826932262001253     
           5           2   9.3055403361886682E-003
           5           3   8.2283435044987509E-003
           5           4  0.95098926190004884     
           6           2   3.9229878021047361E-003
           6           3   8.3331460770556358E-003
           6           4   4.9942698527562314E-002
           6           5   1.6447227355374587     
           7           1  0.98566871625131480     
           7           2   1.8493488584337338E-002
           7           3   8.0291852735029888E-003
           7           4   2.1925039813823466E-003
           8           1   4.8566984225862690E-002
           8           2   1.6053519780500716     
           8           3  0.16604378964830385     
           8           4   5.4104409907160316E-003
           8           5   4.7708122743439253E-003
           8           7   4.8312721357828235E-003
           9           3   2.1695921531431155E-003
           9           4   1.7586940193340846E-002
           9           5   1.2540617110538819     
           9           6  0.19911533862655861     
          10           7  0.97804204682976681     
          10           8   2.5195125440052334E-003
          11           7  0.97527625800480588     
          11           8   1.3319877692490184E-002
          11          10   2.7073812150653085E-003
          12           1  0.99509102203144995     
          12           2   9.0231751881138592E-003
          12           3   9.2224691454846942E-003
          12           7   6.2968299787572127E-003
          12           8   1.3191857849027671E-002
          12          10   9.4594876346495022E-003
          13           1  0.96869555469210011     
          13           8   7.9925039584513389E-003
          13          11   8.7948528047213856E-003
          14           3  0.95164941486920007     
          14           8   1.0902744682879611E-002
          14           9   6.9216515633987955E-003
          15           2   8.5407038343039039E-003
          15           3   2.0870587100584809E-003
          15           4  0.95812667498512372     
          15           5   4.2825018735453673E-003
          15           6   9.6383570231573165E-003
          15           8   2.1044718557304640E-003
          15           9   7.5600299896627981E-003
          16           4  0.95662390637200123     
          16           5   3.7931327730192227E-003
          16           6   9.4574586186450278E-003
          16           8   1.7647883944092113E-002
          16           9   7.6810860507403149E-003
          16          14   8.1099300506490453E-003
          17           4   1.5003860434252236E-002
          17           6   2.3025532674147104E-002
          17           9  0.97357633264212395     
          18           2   8.9990340983328327E-003
          18          12  0.98058559039573823     
          19          12  0.97903500811843347     
          19          13   9.6380776549889191E-003
          20           7   9.5013349885545457E-003
          20          12  0.98043122375671510     
